surcouf:1:50:2020-03-15 13:59:46.807564surcouf:1:50:2020-03-15 14:00:13.968979surcouf:1:50:2020-03-15 14:00:29.323326
surcouf:1:50:2020-03-15 14:00:40.906395
surcouf:1:50:2020-03-15 14:00:52.212745
surcouf:1:50:2020-03-15 14:01:55.338050
